16.7109375
14.33203125
13.834263392857142
13.527157738095237
12.119233630952381
11.228794642857142
10.570126488095237
10.081287202380953
9.525111607142858
9.255580357142858
8.896019345238095
8.473958333333334
8.136346726190476
7.8156622023809526
7.912016369047619
7.640066964285714
7.608816964285714
7.4367559523809526
7.126116071428571
7.24609375
7.079985119047619
6.775669642857143
7.107142857142857
7.4765625
6.731398809523809
6.861979166666667
6.438802083333333
6.048921130952381
5.628534226190476
5.416852678571429
5.396949404761905
6.017857142857143
5.940104166666667
5.666294642857143
6.638020833333333
5.106770833333333
5.480096726190476
5.803757440476191
4.787016369047619
4.371465773809524
4.654947916666667
5.111421130952381
4.845796130952381
4.712611607142857
4.168526785714286
3.6986607142857144
3.5068824404761907
3.8402157738095237
3.9010416666666665
5.069196428571429
5.315476190476191
4.317708333333333
3.5987723214285716
4.461495535714286
4.512276785714286
5.157552083333333
5.362351190476191
4.578311011904762
4.366071428571429
4.383370535714286
3.5537574404761907
2.8405877976190474
2.654017857142857
3.3154761904761907
3.8761160714285716
2.982328869047619
3.5812872023809526
3.209263392857143
4.315476190476191
4.663504464285714
3.6553199404761907
3.0377604166666665
4.052269345238095
3.8350074404761907
2.7211681547619047
2.3913690476190474
2.472842261904762
2.849330357142857
4.372581845238095
3.546688988095238
3.532924107142857
3.2239583333333335
2.9536830357142856
2.1908482142857144
2.0031622023809526
2.34765625
4.155691964285714
3.5286458333333335
3.6043526785714284
3.7293526785714284
2.3327752976190474
1.9464285714285714
2.140625
2.7682291666666665
3.002046130952381
3.2494419642857144
2.7645089285714284
2.7135416666666665
2.9270833333333335
3.5654761904761907
5.235863095238095
4.8359375
5.128720238095238
3.6824776785714284
3.9933035714285716
4.302827380952381
3.689360119047619
2.5383184523809526
1.978422619047619
1.8123139880952381
2.228608630952381
2.5541294642857144
2.05078125
2.3919270833333335
3.123139880952381
3.3071056547619047
3.838169642857143
3.6536458333333335
3.6460193452380953
3.5277157738095237
3.0048363095238093
2.001860119047619
1.6655505952380953
1.8975074404761905
3.3701636904761907
4.228236607142857
3.2124255952380953
2.402157738095238
2.2338169642857144
3.900297619047619
3.4644717261904763
2.7799479166666665
2.9544270833333335
3.396763392857143
5.202566964285714
3.8238467261904763
2.4642857142857144
2.6021205357142856
2.4151785714285716
2.8041294642857144
3.2767857142857144
4.036458333333333
5.715401785714286
5.661830357142857
4.24609375
4.320684523809524
5.044270833333333
4.881882440476191
4.2336309523809526
6.086867559523809
4.942336309523809
4.9992559523809526
5.133184523809524
4.3874627976190474
3.6707589285714284
2.9497767857142856
2.3601190476190474
2.0889136904761907
1.9518229166666667
2.1108630952380953
2.0494791666666665
2.1359747023809526
2.4659598214285716
2.9034598214285716
4.034784226190476
4.8835565476190474
3.8346354166666665
2.4244791666666665
2.3485863095238093
2.4168526785714284
2.6480654761904763
4.283854166666667
4.041108630952381
3.204799107142857
4.254278273809524
4.651227678571429
4.247023809523809
3.3257068452380953
2.6292782738095237
2.1724330357142856
2.2961309523809526
2.6871279761904763
3.5120907738095237
4.24609375
3.7274925595238093
3.0617559523809526
3.257626488095238
3.1080729166666665
2.7808779761904763
2.7315848214285716
2.396391369047619
2.3173363095238093
2.3975074404761907
2.324032738095238
2.310639880952381
2.3139880952380953
2.4348958333333335
2.2062872023809526
2.070126488095238
2.0909598214285716
2.4291294642857144
2.84375
3.439360119047619
3.3470982142857144
4.556361607142857
3.605654761904762
2.7338169642857144
2.6400669642857144
2.9326636904761907
2.5814732142857144
2.2624627976190474
2.0199032738095237
2.0308779761904763
2.2353050595238093
2.693266369047619
2.82421875
2.4068080357142856
2.6043526785714284
2.2568824404761907
2.291294642857143
2.8658854166666665
3.408482142857143
2.857142857142857
1.5961681547619047
1.5846354166666667
1.7194940476190477
2.1395089285714284
2.4017857142857144
2.873139880952381
2.5963541666666665
2.361049107142857
2.5784970238095237
2.8022693452380953
2.3621651785714284
1.8617931547619047
1.6514136904761905
1.5256696428571428
1.8152901785714286
1.8121279761904763
2.212797619047619
2.908482142857143
2.8149181547619047
2.1142113095238093
1.8422619047619047
1.7566964285714286
1.8776041666666667
2.0598958333333335
2.0225074404761907
2.0630580357142856
2.1789434523809526
2.6097470238095237
2.6627604166666665
2.4620535714285716
1.5933779761904763
1.2663690476190477
1.3608630952380953
1.7085193452380953
2.0969122023809526
1.9704241071428572
2.1376488095238093
2.3716517857142856
2.1529017857142856
1.7122395833333333
1.2952008928571428
1.17578125
1.5001860119047619
1.8173363095238095
1.8738839285714286
1.9655877976190477
1.9787946428571428
2.193452380952381
1.8149181547619047
1.32421875
1.3431919642857142
1.634858630952381
1.5143229166666667
1.4153645833333333
1.7514880952380953
2.025669642857143
2.1430431547619047
1.8783482142857142
1.646577380952381
1.603422619047619
1.650483630952381
1.9624255952380953
1.8934151785714286
1.9373139880952381
2.1078869047619047
1.9339657738095237
1.7431175595238095
1.4644717261904763
1.6875
1.8833705357142858
2.0688244047619047
2.0574776785714284
1.8368675595238095
1.7922247023809523
1.7646949404761905
1.8071056547619047
2.3385416666666665
