Epoch Train_Loss Validation_Loss
1 30.735 30.078
2 30.629 29.753
3 30.517 30.297
4 30.394 30.238
5 30.296 30.214
6 30.163 30.074
7 30.086 29.991
8 30.000 29.928
9 29.929 29.870
10 29.885 29.841
11 29.800 29.739
12 29.747 29.727
13 29.684 29.694
14 29.648 29.611
15 29.617 29.556
16 29.558 29.525
17 29.513 29.470
18 29.450 29.468
19 29.427 29.441
20 29.384 29.347
21 29.336 29.340
22 29.294 29.244
23 29.239 29.186
24 29.200 29.042
25 29.173 29.127
26 29.121 29.089
27 29.097 29.041
28 29.087 29.165
29 29.015 28.921
30 29.024 29.232
31 28.934 28.728
32 28.889 29.037
33 28.838 29.053
34 28.790 28.732
35 28.774 29.089
36 28.739 28.388
37 28.657 28.802
38 28.605 28.530
39 28.566 29.283
40 28.521 28.585
41 28.459 28.410
42 28.420 27.263
43 28.345 28.704
44 28.347 28.165
45 28.237 28.494
46 28.292 28.217
47 28.192 28.363
48 28.175 28.393
49 28.096 28.085
50 28.026 27.673
51 27.993 28.935
52 27.960 28.124
53 27.916 28.415
54 27.888 28.070
55 27.836 28.778
56 27.796 27.898
57 27.736 27.821
58 27.740 27.356
59 27.711 27.536
60 27.633 27.786
61 27.615 27.442
62 27.546 27.526
63 27.521 27.762
64 27.528 28.055
65 27.406 27.694
66 27.395 27.362
67 27.354 27.510
68 27.299 27.351
69 27.238 27.431
70 27.193 27.144
71 27.205 27.960
72 27.136 27.524
73 27.082 27.359
74 27.068 27.373
75 26.996 27.044
76 26.942 27.409
77 26.928 27.265
78 26.916 27.394
79 26.874 26.900
80 26.831 27.601
81 26.756 27.091
82 26.718 26.749
83 26.681 27.241
84 26.621 26.753
85 26.548 26.810
86 26.502 26.661
87 26.503 26.720
88 26.419 26.573
89 26.403 27.113
90 26.361 26.220
91 26.361 27.215
92 26.343 25.436
93 26.216 26.981
94 26.219 26.476
95 26.171 27.364
96 26.147 25.971
97 26.070 26.468
98 26.052 25.724
99 26.033 26.927
100 25.962 27.063
101 25.894 26.202
102 25.867 25.908
103 25.830 26.183
104 25.737 26.653
105 25.716 26.114
106 25.651 25.406
107 25.672 26.540
108 25.583 25.645
109 25.544 26.262
110 25.458 25.549
111 25.505 26.448
112 25.442 25.899
113 25.340 25.278
114 25.374 26.414
115 25.338 25.348
116 25.262 26.070
117 25.190 25.816
118 25.149 24.866
119 25.132 26.029
120 25.053 25.406
121 25.025 25.638
122 24.937 25.124
123 24.899 25.886
124 24.919 25.268
125 24.877 25.071
126 24.750 25.780
127 24.749 24.510
128 24.688 24.848
129 24.675 25.116
130 24.624 24.886
131 24.588 24.999
132 24.466 25.269
133 24.540 24.555
134 24.488 24.721
135 24.362 24.870
136 24.371 24.965
137 24.322 24.545
138 24.211 24.351
139 24.199 25.292
140 24.128 24.436
141 24.102 23.890
142 24.051 24.218
143 23.979 25.274
144 23.956 24.093
145 23.897 24.434
146 23.917 24.412
147 23.822 23.909
148 23.706 24.324
149 23.647 24.371
150 23.641 24.733
151 23.544 23.555
152 23.581 24.090
153 23.501 23.961
154 23.397 24.696
155 23.314 24.554
156 23.219 23.834
157 23.233 23.558
158 23.294 24.248
159 23.157 24.157
160 23.107 23.480
161 23.098 23.975
162 23.039 23.510
163 22.972 23.765
164 22.881 23.815
165 22.966 23.722
166 22.771 23.575
167 22.798 23.872
168 22.804 23.747
169 22.644 23.403
170 22.591 23.133
171 22.611 23.350
172 22.576 23.565
173 22.358 23.362
174 22.306 23.321
175 22.323 22.759
176 22.177 23.229
177 22.179 22.961
178 22.137 22.478
179 22.172 23.199
180 22.029 22.975
181 21.978 22.099
182 21.912 22.642
183 21.831 22.916
184 21.729 22.229
185 21.702 22.556
186 21.629 22.039
187 21.708 22.519
188 21.549 22.523
189 21.529 22.071
190 21.418 22.132
191 21.442 22.761
192 21.400 22.082
193 21.171 21.475
194 21.155 21.732
195 21.069 21.568
196 21.123 21.596
197 21.050 21.454
198 20.932 21.969
199 20.926 21.657
200 20.806 21.277
201 20.705 21.046
202 20.831 21.999
203 20.678 22.218
204 20.573 21.276
205 20.531 21.284
206 20.460 21.261
207 20.334 20.850
208 20.389 20.898
209 20.239 21.327
210 20.259 21.184
211 20.119 20.729
212 20.210 21.079
213 20.043 20.535
214 19.940 20.958
215 19.878 21.317
216 19.890 19.844
217 19.707 21.114
218 19.680 20.365
219 19.826 20.739
220 19.686 20.312
221 19.621 19.584
222 19.469 20.089
223 19.519 20.733
224 19.441 19.701
225 19.251 20.688
226 19.235 20.199
227 19.120 19.328
228 19.146 19.692
229 19.020 20.994
230 18.937 19.680
231 18.919 19.826
232 18.836 19.414
233 18.871 19.517
234 18.821 18.745
235 18.660 19.868
236 18.553 18.380
237 18.465 19.291
238 18.516 19.622
239 18.510 18.952
240 18.402 18.245
241 18.274 18.751
242 18.274 18.771
243 18.205 18.549
244 18.132 18.343
245 17.977 18.827
246 17.959 18.128
247 17.862 18.805
248 17.820 18.438
249 17.791 18.671
250 17.474 18.501
251 17.679 17.572
252 17.609 18.580
253 17.405 17.966
254 17.401 17.714
255 17.405 18.533
256 17.284 18.097
257 17.345 17.661
258 17.227 18.823
259 17.002 17.691
260 17.079 17.644
261 17.044 18.216
262 16.976 17.488
263 16.877 16.550
264 16.753 17.337
265 16.637 16.591
266 16.675 17.415
267 16.510 16.925
268 16.641 17.234
269 16.382 17.149
270 16.441 17.308
271 16.365 17.055
272 16.423 16.895
273 16.409 16.953
274 16.238 16.108
275 16.184 16.398
276 16.129 17.319
277 16.030 16.884
278 15.918 16.358
279 16.015 16.197
280 15.877 15.898
281 15.871 15.317
282 15.691 16.780
283 15.679 15.738
284 15.590 15.924
285 15.574 15.666
286 15.388 15.569
287 15.265 15.810
288 15.412 16.143
289 15.251 15.403
290 15.261 15.488
291 15.236 15.928
292 15.050 15.894
293 15.046 15.454
294 14.869 15.573
295 14.877 15.131
296 14.924 15.332
297 14.768 15.137
298 14.711 15.881
299 14.649 14.915
300 14.526 14.025
301 14.617 14.935
302 14.351 14.555
303 14.444 14.117
304 14.382 14.829
305 14.158 14.756
306 14.161 14.774
307 14.194 14.756
308 14.030 14.116
309 14.115 14.360
310 14.061 14.384
311 14.016 14.392
312 14.001 13.762
313 13.956 13.634
314 13.816 13.912
315 13.728 14.025
316 13.635 13.744
317 13.537 13.901
318 13.667 13.833
319 13.633 13.155
320 13.507 13.708
321 13.425 13.187
322 13.396 14.255
323 13.419 12.736
324 13.323 13.795
325 13.211 13.587
326 13.051 13.277
327 13.072 12.744
328 12.976 13.041
329 12.995 13.467
330 12.840 12.977
331 12.892 12.919
332 12.806 12.325
333 12.824 13.914
334 12.688 12.603
335 12.744 12.439
336 12.510 13.020
337 12.539 12.780
338 12.513 12.568
339 12.301 12.686
340 12.352 12.705
341 12.384 11.699
342 12.419 13.850
343 12.164 12.321
344 12.132 12.141
345 12.046 12.316
346 11.836 11.535
347 11.915 12.978
348 11.846 11.539
349 11.571 12.655
350 11.707 11.753
351 11.709 12.943
352 11.617 12.464
353 11.570 11.570
354 11.565 11.586
355 11.403 12.139
356 11.416 11.508
357 11.368 11.215
358 11.341 12.036
359 11.195 10.714
360 11.318 11.357
361 11.161 11.059
362 11.062 11.378
363 10.916 12.078
364 11.017 10.974
365 11.002 11.054
366 10.883 11.089
367 10.955 11.287
368 10.770 10.748
369 10.757 11.321
370 10.863 11.111
371 10.703 10.824
372 10.581 10.723
373 10.604 10.369
374 10.651 10.879
375 10.479 11.109
376 10.518 10.163
377 10.309 10.686
378 10.280 10.263
379 10.405 10.870
380 10.173 10.358
381 10.329 10.695
382 10.106 9.883
383 10.085 10.131
384 10.047 10.146
385 10.101 10.011
386 10.067 9.934
387 10.058 9.725
388 10.064 9.780
389 9.909 10.426
390 9.753 10.137
391 9.787 10.181
392 9.849 9.665
393 9.787 9.564
394 9.706 9.634
395 9.604 10.130
396 9.653 9.430
397 9.679 9.307
398 9.586 9.604
399 9.473 9.611
400 9.478 9.365
401 9.542 9.561
402 9.342 9.288
403 9.302 8.789
404 9.350 9.742
405 9.285 9.042
406 9.324 9.025
407 9.267 9.368
408 9.259 8.902
409 9.270 8.980
410 9.081 9.180
411 9.191 9.169
412 9.171 8.967
413 9.174 9.286
414 9.031 8.757
415 9.023 9.024
416 9.092 8.790
417 9.044 8.848
418 9.007 9.396
419 8.901 8.825
420 8.853 8.485
421 8.982 8.820
422 8.934 8.659
423 8.875 8.579
424 8.963 8.231
425 8.815 8.284
426 8.834 9.179
427 8.799 8.471
428 8.859 8.683
429 8.727 8.663
430 8.615 8.933
431 8.640 8.158
432 8.641 9.094
433 8.573 8.374
434 8.713 8.505
435 8.520 8.168
436 8.463 8.577
437 8.537 8.513
438 8.489 8.356
439 8.421 8.005
440 8.359 8.529
441 8.225 8.098
442 8.317 7.970
443 8.077 7.997
444 8.257 8.679
445 8.171 8.620
446 8.252 7.800
447 8.080 7.806
448 8.090 8.566
449 8.298 8.106
450 8.078 8.123
451 7.986 8.228
452 7.980 7.726
453 7.966 7.848
454 7.940 7.664
455 8.031 7.952
456 8.019 7.863
457 8.042 7.670
458 7.940 7.620
459 7.940 7.851
460 7.885 7.854
461 7.848 7.679
462 7.901 7.921
463 7.946 7.557
464 7.985 7.859
465 7.821 7.627
466 7.686 7.610
467 7.838 7.538
468 7.817 7.543
469 7.909 7.683
470 7.758 7.560
471 7.735 7.463
472 7.884 7.403
473 7.865 7.364
474 7.763 8.005
475 7.720 7.504
476 7.728 7.368
477 7.645 7.375
478 7.671 7.404
479 7.848 7.340
480 7.621 7.243
481 7.415 7.299
482 7.833 7.308
483 7.658 7.313
484 7.580 7.430
485 7.601 7.211
486 7.706 7.708
487 7.658 7.444
488 7.609 7.342
489 7.560 7.275
490 7.629 7.478
491 7.566 7.257
492 7.670 7.636
493 7.604 7.253
494 7.569 7.270
495 7.581 7.337
496 7.519 7.240
497 7.532 7.241
498 7.696 7.231
499 7.668 7.309
500 7.480 7.225
501 7.501 7.176
502 7.490 7.234
503 7.456 7.368
504 7.516 7.216
505 7.534 7.159
506 7.559 7.229
507 7.439 7.263
508 7.454 7.111
509 7.451 7.241
510 7.370 7.203
511 7.507 7.121
512 7.450 7.172
513 7.366 7.030
514 7.437 7.115
515 7.352 7.039
516 7.554 7.063
517 7.425 7.415
518 7.381 7.175
519 7.375 7.089
520 7.388 7.058
521 7.422 7.016
522 7.500 6.988
523 7.423 6.984
524 7.504 7.041
525 7.420 7.112
526 7.470 7.098
527 7.464 7.340
528 7.370 7.103
529 7.347 7.028
530 7.391 7.310
531 7.486 7.230
532 7.321 7.145
533 7.432 7.264
534 7.405 7.172
535 7.262 7.195
536 7.330 7.061
537 7.402 7.175
538 7.253 7.211
539 7.457 7.072
540 7.370 7.163
541 7.325 6.974
542 7.346 7.206
543 7.281 7.111
544 7.440 7.145
545 7.408 7.037
546 7.314 7.052
547 7.249 6.989
548 7.420 7.098
549 7.345 7.029
550 7.235 7.019
551 7.413 7.106
552 7.331 7.001
553 7.351 7.059
554 7.265 7.313
555 7.287 6.908
556 7.199 7.094
557 7.251 7.061
558 7.210 7.110
559 7.221 7.051
560 7.453 6.943
561 7.338 7.105
562 7.371 7.000
563 7.202 7.057
564 7.192 7.053
565 7.075 6.857
566 7.379 6.899
567 7.340 7.032
568 7.296 6.900
569 7.182 6.997
570 7.306 7.067
571 7.148 6.962
572 7.270 6.952
573 7.287 6.932
574 7.308 6.847
575 7.146 6.981
576 7.232 7.012
577 7.189 6.852
578 7.244 6.895
579 7.081 6.892
580 7.072 7.038
581 7.072 6.756
582 7.099 6.789
583 7.093 6.837
584 7.102 6.818
585 7.185 6.853
586 7.176 6.952
587 7.186 6.845
588 7.136 6.765
589 7.158 6.914
590 7.076 6.835
591 7.107 6.804
592 7.035 6.914
593 7.167 6.912
594 7.116 6.831
595 7.156 6.899
596 7.204 6.922
597 7.137 6.912
598 7.051 6.848
599 7.214 6.844
600 7.218 6.997
601 7.269 6.983
602 7.050 6.950
603 7.068 6.876
604 6.972 6.892
605 7.015 6.859
606 7.160 6.908
607 7.222 6.913
608 7.095 6.881
609 6.976 6.926
610 7.161 6.901
611 7.189 6.869
612 7.106 6.972
613 7.250 6.846
614 7.062 6.845
615 7.080 6.937
616 7.052 6.848
617 7.067 6.889
618 7.069 6.994
619 7.073 6.981
620 7.042 6.854
621 7.160 6.889
622 7.078 6.956
623 7.045 7.068
624 7.063 6.926
625 7.188 6.891
626 7.121 7.021
627 7.114 6.952
628 7.140 7.020
629 7.104 6.864
630 7.114 6.841
631 7.000 6.902
632 7.084 6.896
633 7.125 7.001
634 7.214 6.841
635 7.127 6.938
636 7.140 6.924
637 7.058 6.847
638 6.979 6.880
639 7.108 6.855
640 7.090 6.983
641 7.032 6.805
642 7.042 6.896
643 7.087 6.905
644 6.936 6.825
645 7.166 6.880
646 6.959 6.841
647 6.943 6.946
648 7.009 6.900
649 7.002 6.981
650 7.004 6.816
651 7.026 6.882
652 7.080 6.894
653 7.032 6.841
654 7.146 6.927
655 6.980 6.844
656 7.100 6.790
657 7.117 6.839
658 6.947 6.832
659 6.971 6.945
660 7.030 6.858
661 7.003 6.946
662 7.010 6.825
663 6.954 6.807
664 6.938 6.903
665 7.073 6.840
666 6.990 6.898
667 7.059 6.859
668 6.964 6.850
669 6.949 6.836
670 7.016 7.006
671 6.950 6.698
672 7.114 6.849
673 7.033 6.954
674 7.092 6.855
675 6.971 6.773
676 6.965 6.769
677 7.077 6.810
678 7.016 6.773
679 6.840 6.873
680 6.995 6.814
681 6.775 6.762
682 6.993 6.778
683 6.962 6.791
684 7.039 6.917
685 7.096 6.903
686 7.082 6.788
687 6.836 6.826
688 6.951 6.883
689 6.915 6.829
690 6.896 6.898
691 6.963 6.814
692 6.905 6.810
693 7.109 6.916
694 6.869 6.818
695 7.000 6.818
696 6.995 6.790
697 6.846 6.844
698 6.731 6.790
699 6.995 6.759
700 6.957 6.888
701 6.878 6.883
702 6.804 6.791
703 6.936 6.787
704 6.903 6.788
705 6.919 6.870
706 6.951 6.800
707 6.860 6.800
708 6.971 6.867
709 6.870 6.783
710 6.874 6.826
711 6.898 6.794
712 7.018 6.772
713 6.933 6.938
714 6.834 6.880
715 6.777 6.778
716 6.844 6.764
717 6.926 6.839
718 6.825 6.778
719 6.979 6.811
720 6.664 6.830
721 6.882 6.790
722 6.891 6.646
723 6.809 6.829
724 6.843 6.731
725 6.923 6.721
726 6.891 6.706
727 6.756 6.821
728 6.799 6.846
729 6.833 6.697
730 6.700 6.799
731 6.746 6.708
732 6.843 6.755
733 6.801 6.749
734 6.817 6.795
735 6.802 6.777
736 6.936 6.805
737 6.831 6.782
738 6.731 6.832
739 6.891 6.776
740 6.859 6.731
741 6.799 6.767
742 6.934 6.861
743 6.852 6.859
744 6.951 6.832
745 6.913 6.719
746 6.831 6.830
747 6.820 6.815
748 6.684 6.730
749 6.976 6.765
750 6.844 6.809
751 6.691 6.789
752 6.785 6.743
753 6.875 6.821
754 6.780 6.743
755 6.763 6.718
756 6.812 6.695
757 6.934 6.872
758 6.953 6.701
759 6.966 6.682
760 6.651 6.722
761 6.887 6.838
762 6.886 6.749
763 6.776 6.786
764 6.965 6.768
765 6.947 6.752
766 6.866 6.847
767 6.831 6.796
768 6.911 6.825
769 6.870 6.794
770 6.626 6.741
771 6.711 6.703
772 6.628 6.775
773 6.838 6.783
774 6.683 6.781
775 6.801 6.934
776 6.850 6.885
777 6.716 6.727
778 6.881 6.658
779 6.822 6.643
780 6.670 6.681
781 6.815 6.812
782 6.953 6.838
783 6.664 6.680
784 6.620 6.724
785 6.836 6.689
786 6.698 6.739
787 6.775 6.733
788 6.770 6.724
789 6.776 6.746
790 6.813 6.764
791 6.784 6.806
792 6.834 6.762
793 6.720 6.675
794 6.879 6.942
795 6.853 6.660
796 6.688 6.794
797 6.810 6.803
798 6.765 6.783
799 6.801 6.821
800 6.776 6.739
801 6.743 6.688
802 6.649 6.733
803 6.702 6.797
804 6.852 6.717
805 6.737 6.735
806 6.707 6.682
807 6.743 6.808
808 6.667 6.653
809 6.783 6.946
810 6.831 6.657
811 6.725 6.844
812 6.798 6.646
813 6.714 6.676
814 6.721 6.843
815 6.688 6.902
816 6.748 6.688
817 6.839 6.816
818 6.607 6.818
819 6.693 6.820
820 6.729 6.787
821 6.828 6.838
822 6.723 6.802
823 6.643 6.808
824 6.678 6.749
825 6.737 6.724
826 6.765 6.736
827 6.752 6.605
828 6.815 6.677
829 6.791 6.765
830 6.861 6.779
831 6.855 6.863
832 6.614 6.752
833 6.553 6.740
834 6.821 6.811
835 6.738 6.614
836 6.775 6.721
837 6.703 6.685
838 6.645 6.721
839 6.730 6.771
840 6.819 6.715
841 6.690 6.841
842 6.648 6.709
843 6.912 6.682
844 6.701 6.715
845 6.773 6.715
846 6.775 6.671
847 6.804 6.719
848 6.650 6.694
849 6.671 6.691
850 6.895 6.643
851 6.575 6.682
852 6.771 6.793
853 6.801 6.803
854 6.705 6.654
855 6.687 6.754
856 6.833 6.658
857 6.531 6.720
858 6.753 6.720
859 6.610 6.728
860 6.972 6.634
861 6.734 6.640
862 6.702 6.721
863 6.755 6.734
864 6.783 6.684
865 6.662 6.830
866 6.663 6.651
867 6.673 6.666
868 6.725 6.730
869 6.748 6.756
870 6.736 6.673
871 6.672 6.658
872 6.755 6.780
873 6.537 6.756
874 6.774 6.702
875 6.776 6.683
876 6.665 6.733
877 6.556 6.739
878 6.625 6.633
879 6.697 6.693
880 6.641 6.714
881 6.652 6.707
882 6.647 6.735
883 6.766 6.847
884 6.706 6.736
885 6.701 6.745
886 6.655 6.728
887 6.593 6.671
888 6.770 6.704
889 6.813 6.729
890 6.589 6.768
891 6.738 6.685
892 6.614 6.859
893 6.611 6.677
894 6.717 6.671
895 6.680 6.763
896 6.692 6.703
897 6.609 6.822
898 6.679 6.706
899 6.662 6.774
900 6.719 6.800
901 6.676 6.689
902 6.778 6.789
903 6.633 6.748
904 6.657 6.618
905 6.616 6.758
906 6.683 6.718
907 6.603 6.641
908 6.668 6.667
909 6.632 6.667
910 6.640 6.781
911 6.707 6.758
912 6.804 6.734
913 6.702 6.707
914 6.615 6.760
915 6.481 6.769
916 6.789 6.802
917 6.593 6.777
918 6.576 6.735
919 6.616 6.664
920 6.537 6.790
921 6.670 6.851
922 6.726 6.755
923 6.578 6.694
924 6.542 6.699
925 6.555 6.751
926 6.653 6.705
927 6.752 6.679
928 6.736 6.677
929 6.618 6.621
930 6.582 6.690
931 6.616 6.705
932 6.627 6.820
933 6.611 6.723
934 6.673 6.610
935 6.582 6.670
936 6.657 6.680
937 6.756 6.694
938 6.710 6.676
939 6.679 6.700
940 6.595 6.790
941 6.705 6.792
942 6.474 6.760
943 6.710 6.662
944 6.717 6.713
945 6.539 6.671
946 6.501 6.654
947 6.575 6.733
948 6.591 6.710
949 6.659 6.715
950 6.592 6.759
951 6.607 6.694
952 6.674 6.702
953 6.629 6.712
954 6.664 6.583
955 6.642 6.647
956 6.521 6.639
957 6.566 6.648
958 6.699 6.701
959 6.665 6.695
960 6.628 6.621
961 6.623 6.685
962 6.663 6.577
963 6.671 6.603
964 6.655 6.644
965 6.558 6.640
966 6.459 6.658
967 6.721 6.640
968 6.581 6.671
969 6.488 6.666
970 6.587 6.594
971 6.580 6.666
972 6.646 6.706
973 6.645 6.606
974 6.615 6.711
975 6.539 6.657
976 6.488 6.696
977 6.616 6.641
978 6.649 6.638
979 6.628 6.721
980 6.537 6.684
981 6.637 6.622
982 6.527 6.671
983 6.614 6.609
984 6.513 6.632
985 6.561 6.749
986 6.470 6.665
987 6.655 6.687
988 6.542 6.634
989 6.588 6.694
990 6.500 6.751
991 6.512 6.648
992 6.528 6.624
993 6.527 6.643
994 6.584 6.729
995 6.608 6.728
996 6.570 6.686
997 6.500 6.651
998 6.539 6.571
999 6.666 6.635
1000 6.600 6.661
1001 6.596 6.599
1002 6.576 6.580
1003 6.589 6.645
1004 6.615 6.683
1005 6.506 6.713
1006 6.493 6.630
1007 6.432 6.636
1008 6.514 6.728
1009 6.577 6.698
1010 6.501 6.668
1011 6.606 6.700
1012 6.457 6.699
1013 6.684 6.675
1014 6.430 6.677
1015 6.601 6.688
1016 6.615 6.655
1017 6.460 6.657
1018 6.573 6.646
1019 6.527 6.667
1020 6.515 6.753
1021 6.531 6.698
1022 6.518 6.635
1023 6.538 6.542
1024 6.628 6.606
1025 6.490 6.597
1026 6.483 6.709
1027 6.607 6.615
1028 6.547 6.611
1029 6.558 6.574
1030 6.577 6.557
1031 6.476 6.714
1032 6.613 6.627
1033 6.529 6.594
1034 6.328 6.576
1035 6.477 6.592
1036 6.653 6.587
1037 6.470 6.648
1038 6.628 6.618
1039 6.482 6.640
1040 6.497 6.680
1041 6.438 6.635
1042 6.663 6.531
1043 6.519 6.759
1044 6.481 6.751
1045 6.508 6.744
1046 6.572 6.730
1047 6.551 6.730
1048 6.430 6.627
1049 6.592 6.585
1050 6.425 6.731
1051 6.610 6.646
1052 6.439 6.715
1053 6.495 6.705
1054 6.602 6.537
1055 6.471 6.653
1056 6.450 6.617
1057 6.580 6.623
1058 6.451 6.665
1059 6.643 6.591
1060 6.559 6.674
1061 6.434 6.673
1062 6.629 6.667
1063 6.467 6.654
1064 6.504 6.676
1065 6.571 6.687
1066 6.569 6.752
1067 6.397 6.639
1068 6.463 6.711
1069 6.422 6.640
1070 6.580 6.681
1071 6.423 6.859
1072 6.516 6.645
1073 6.597 6.673
1074 6.446 6.660
1075 6.486 6.770
1076 6.455 6.575
1077 6.600 6.627
1078 6.462 6.711
1079 6.574 6.615
1080 6.576 6.633
1081 6.611 6.615
1082 6.484 6.625
1083 6.397 6.656
1084 6.440 6.591
1085 6.506 6.682
1086 6.622 6.613
1087 6.434 6.620
1088 6.469 6.617
1089 6.515 6.604
1090 6.495 6.746
1091 6.624 6.655
1092 6.419 6.660
1093 6.468 6.673
1094 6.526 6.667
1095 6.557 6.598
1096 6.507 6.701
1097 6.525 6.668
1098 6.624 6.619
1099 6.536 6.606
1100 6.469 6.681
1101 6.504 6.594
1102 6.497 6.668
1103 6.411 6.590
1104 6.355 6.579
1105 6.509 6.735
1106 6.516 6.670
1107 6.518 6.725
1108 6.530 6.746
1109 6.404 6.718
1110 6.477 6.706
1111 6.416 6.600
1112 6.604 6.639
1113 6.237 6.756
1114 6.538 6.652
1115 6.298 6.697
1116 6.489 6.631
1117 6.563 6.583
1118 6.430 6.618
1119 6.471 6.713
1120 6.647 6.561
1121 6.504 6.578
1122 6.392 6.635
1123 6.443 6.663
1124 6.543 6.593
1125 6.493 6.642
1126 6.410 6.636
1127 6.333 6.513
1128 6.454 6.638
1129 6.399 6.627
1130 6.394 6.612
1131 6.640 6.577
1132 6.459 6.494
1133 6.493 6.646
1134 6.491 6.581
1135 6.570 6.669
1136 6.464 6.670
1137 6.437 6.659
1138 6.427 6.575
1139 6.469 6.573
1140 6.404 6.567
1141 6.489 6.582
1142 6.483 6.600
1143 6.423 6.629
1144 6.429 6.688
1145 6.574 6.504
1146 6.316 6.618
1147 6.435 6.567
1148 6.416 6.603
1149 6.462 6.560
1150 6.520 6.570
1151 6.324 6.556
1152 6.572 6.631
1153 6.505 6.612
1154 6.439 6.522
1155 6.362 6.575
1156 6.389 6.753
1157 6.535 6.582
1158 6.495 6.556
1159 6.420 6.580
1160 6.441 6.548
1161 6.425 6.653
1162 6.285 6.608
1163 6.576 6.689
1164 6.415 6.531
1165 6.356 6.577
1166 6.543 6.590
1167 6.475 6.630
1168 6.458 6.575
1169 6.418 6.675
1170 6.494 6.511
1171 6.548 6.570
1172 6.304 6.586
1173 6.398 6.497
1174 6.481 6.585
1175 6.476 6.559
1176 6.398 6.592
1177 6.443 6.633
1178 6.383 6.560
1179 6.402 6.592
1180 6.623 6.590
1181 6.328 6.582
1182 6.466 6.595
1183 6.345 6.500
1184 6.510 6.643
1185 6.530 6.637
1186 6.396 6.648
1187 6.421 6.591
1188 6.384 6.628
1189 6.340 6.622
1190 6.429 6.694
1191 6.378 6.657
1192 6.356 6.619
1193 6.307 6.585
1194 6.317 6.605
1195 6.391 6.559
1196 6.253 6.632
1197 6.313 6.537
1198 6.419 6.594
1199 6.319 6.633
1200 6.361 6.573
1201 6.357 6.546
1202 6.461 6.593
1203 6.371 6.605
1204 6.376 6.625
1205 6.378 6.661
1206 6.349 6.629
1207 6.419 6.597
1208 6.426 6.596
1209 6.366 6.539
1210 6.406 6.649
1211 6.312 6.603
1212 6.394 6.549
1213 6.445 6.641
1214 6.378 6.573
1215 6.331 6.618
1216 6.423 6.527
1217 6.407 6.532
1218 6.435 6.460
1219 6.392 6.584
1220 6.422 6.620
1221 6.376 6.600
1222 6.544 6.529
1223 6.264 6.502
1224 6.323 6.613
1225 6.544 6.588
1226 6.355 6.584
1227 6.464 6.605
1228 6.365 6.590
1229 6.414 6.554
1230 6.379 6.556
1231 6.458 6.598
1232 6.409 6.563
1233 6.421 6.613
1234 6.503 6.517
1235 6.462 6.587
1236 6.327 6.579
1237 6.411 6.673
1238 6.291 6.609
1239 6.332 6.612
1240 6.383 6.657
1241 6.338 6.705
1242 6.360 6.559
1243 6.377 6.634
1244 6.467 6.635
1245 6.482 6.599
1246 6.399 6.556
1247 6.499 6.601
1248 6.361 6.597
1249 6.393 6.491
1250 6.358 6.577
1251 6.406 6.523
1252 6.421 6.571
1253 6.368 6.552
1254 6.380 6.496
1255 6.407 6.647
1256 6.312 6.648
1257 6.365 6.576
1258 6.463 6.592
1259 6.324 6.600
1260 6.410 6.653
1261 6.289 6.630
1262 6.342 6.578
1263 6.244 6.683
1264 6.302 6.612
1265 6.389 6.596
1266 6.370 6.633
1267 6.266 6.529
1268 6.336 6.615
1269 6.367 6.585
1270 6.367 6.539
1271 6.390 6.546
1272 6.435 6.618
1273 6.335 6.559
1274 6.380 6.667
1275 6.306 6.625
1276 6.319 6.638
1277 6.277 6.622
1278 6.420 6.557
1279 6.388 6.632
1280 6.357 6.614
1281 6.334 6.636
1282 6.350 6.659
1283 6.186 6.567
1284 6.373 6.585
1285 6.309 6.550
1286 6.346 6.572
1287 6.379 6.582
1288 6.285 6.642
1289 6.402 6.585
1290 6.366 6.635
1291 6.434 6.658
1292 6.368 6.745
1293 6.201 6.767
1294 6.318 6.661
1295 6.319 6.649
1296 6.273 6.663
1297 6.360 6.678
1298 6.314 6.637
1299 6.352 6.604
1300 6.253 6.630
1301 6.313 6.676
1302 6.360 6.603
1303 6.335 6.588
1304 6.275 6.612
1305 6.357 6.513
1306 6.396 6.566
1307 6.354 6.612
1308 6.461 6.567
1309 6.283 6.666
1310 6.475 6.550
1311 6.336 6.578
1312 6.384 6.634
1313 6.226 6.570
1314 6.478 6.677
1315 6.399 6.581
1316 6.338 6.690
1317 6.295 6.750
1318 6.240 6.685
1319 6.320 6.659
1320 6.328 6.592
1321 6.324 6.597
1322 6.123 6.571
1323 6.379 6.648
1324 6.320 6.626
1325 6.364 6.667
1326 6.307 6.618
1327 6.264 6.600
1328 6.296 6.710
1329 6.420 6.640
1330 6.243 6.626
1331 6.308 6.587
1332 6.336 6.576
1333 6.339 6.587
1334 6.229 6.580
1335 6.301 6.566
1336 6.277 6.630
1337 6.332 6.645
1338 6.233 6.652
1339 6.353 6.605
1340 6.215 6.597
1341 6.285 6.599
1342 6.161 6.787
1343 6.355 6.539
1344 6.237 6.590
1345 6.324 6.602
1346 6.303 6.521
1347 6.341 6.720
1348 6.326 6.595
1349 6.232 6.629
1350 6.259 6.513
1351 6.349 6.561
1352 6.312 6.611
1353 6.224 6.504
1354 6.379 6.628
1355 6.215 6.455
1356 6.386 6.523
1357 6.368 6.622
1358 6.270 6.566
1359 6.325 6.523
1360 6.365 6.552
1361 6.303 6.546
1362 6.223 6.542
1363 6.321 6.544
1364 6.237 6.546
1365 6.273 6.559
1366 6.216 6.538
1367 6.428 6.675
1368 6.157 6.524
1369 6.307 6.596
1370 6.409 6.607
1371 6.287 6.624
1372 6.301 6.614
1373 6.311 6.600
1374 6.164 6.626
1375 6.288 6.563
1376 6.263 6.609
1377 6.375 6.517
1378 6.284 6.740
1379 6.299 6.656
1380 6.159 6.635
1381 6.122 6.615
1382 6.286 6.629
1383 6.312 6.641
1384 6.267 6.594
1385 6.250 6.574
1386 6.294 6.566
1387 6.303 6.587
1388 6.322 6.627
1389 6.285 6.590
1390 6.281 6.676
1391 6.329 6.555
1392 6.168 6.577
1393 6.242 6.569
1394 6.230 6.702
1395 6.412 6.604
1396 6.366 6.541
1397 6.222 6.619
1398 6.199 6.538
1399 6.358 6.549
1400 6.246 6.641
1401 6.321 6.660
1402 6.279 6.583
1403 6.235 6.590
1404 6.314 6.601
1405 6.286 6.604
1406 6.245 6.602
1407 6.323 6.484
1408 6.286 6.521
1409 6.154 6.544
1410 6.224 6.525
1411 6.184 6.538
1412 6.174 6.580
1413 6.209 6.584
1414 6.215 6.596
1415 6.285 6.699
1416 6.246 6.597
1417 6.183 6.655
1418 6.349 6.687
1419 6.194 6.645
1420 6.365 6.631
1421 6.286 6.565
1422 6.322 6.583
1423 6.135 6.629
1424 6.342 6.611
1425 6.154 6.575
1426 6.232 6.483
1427 6.393 6.609
1428 6.245 6.533
1429 6.184 6.570
1430 6.299 6.595
1431 6.288 6.562
1432 6.360 6.695
1433 6.239 6.603
1434 6.291 6.634
1435 6.296 6.629
1436 6.270 6.614
1437 6.125 6.563
1438 6.191 6.553
1439 6.296 6.583
1440 6.343 6.559
1441 6.261 6.584
1442 6.218 6.641
1443 6.267 6.628
1444 6.118 6.616
1445 6.267 6.592
1446 6.103 6.557
1447 6.219 6.549
1448 6.156 6.553
1449 6.127 6.491
1450 6.428 6.580
1451 6.287 6.590
1452 6.330 6.583
1453 6.098 6.661
1454 6.151 6.536
1455 6.149 6.568
1456 6.215 6.586
1457 6.300 6.594
1458 6.336 6.557
1459 6.169 6.570
1460 6.286 6.581
1461 6.137 6.560
1462 6.290 6.559
1463 6.276 6.650
1464 6.253 6.538
1465 6.202 6.563
1466 6.285 6.662
1467 6.209 6.629
1468 6.168 6.584
1469 6.261 6.516
1470 6.302 6.517
1471 6.253 6.755
1472 6.249 6.576
1473 6.279 6.577
1474 6.387 6.661
1475 6.303 6.623
1476 6.219 6.628
1477 6.292 6.626
1478 6.367 6.609
1479 6.166 6.628
1480 6.273 6.598
1481 6.345 6.700
1482 6.255 6.661
1483 6.307 6.627
1484 6.221 6.639
1485 6.280 6.676
1486 6.322 6.634
1487 6.252 6.668
1488 6.337 6.650
1489 6.229 6.680
1490 6.281 6.613
1491 6.270 6.638
1492 6.199 6.615
1493 6.216 6.560
1494 6.281 6.658
1495 6.162 6.686
1496 6.231 6.622
1497 6.228 6.570
1498 6.241 6.691
1499 6.232 6.611
1500 6.303 6.621
1501 6.160 6.565
1502 6.322 6.675
1503 6.248 6.648
1504 6.238 6.618
1505 6.308 6.567
1506 6.221 6.625
1507 6.297 6.667
1508 6.234 6.590
1509 6.220 6.674
1510 6.179 6.593
1511 6.034 6.583
1512 6.313 6.620
1513 6.256 6.633
1514 6.114 6.683
1515 6.141 6.647
1516 6.169 6.567
1517 6.187 6.670
1518 6.274 6.639
1519 6.252 6.527
1520 6.288 6.610
1521 6.262 6.639
1522 6.165 6.569
1523 6.276 6.566
1524 6.303 6.527
1525 6.221 6.533
1526 6.208 6.659
1527 6.171 6.642
1528 6.183 6.495
1529 6.209 6.590
1530 6.264 6.674
1531 6.177 6.704
1532 6.103 6.551
1533 6.151 6.594
1534 6.210 6.514
1535 6.212 6.618
1536 6.145 6.669
1537 6.137 6.634
1538 6.103 6.666
1539 6.226 6.670
1540 6.190 6.654
1541 6.276 6.667
1542 6.195 6.573
1543 6.292 6.661
1544 6.164 6.637
1545 6.104 6.592
1546 6.152 6.615
1547 6.204 6.587
1548 6.165 6.686
1549 6.188 6.610
1550 6.188 6.592
1551 6.096 6.532
1552 6.176 6.671
1553 6.100 6.645
1554 6.117 6.550
1555 6.116 6.546
1556 6.193 6.675
1557 6.144 6.677
1558 6.185 6.623
1559 6.128 6.548
1560 6.196 6.598
1561 6.221 6.582
1562 6.204 6.640
1563 6.159 6.512
1564 6.256 6.527
1565 6.189 6.568
1566 6.114 6.566
1567 6.175 6.518
1568 6.059 6.603
1569 6.124 6.569
1570 6.160 6.612
1571 6.171 6.600
1572 6.018 6.509
1573 6.255 6.482
1574 6.287 6.603
1575 6.157 6.494
1576 6.023 6.471
1577 6.072 6.527
1578 6.232 6.580
1579 6.200 6.584
1580 6.033 6.612
1581 6.187 6.578
1582 6.118 6.590
1583 6.129 6.551
1584 6.026 6.564
1585 6.189 6.626
1586 6.077 6.542
1587 6.115 6.610
1588 6.045 6.580
1589 6.327 6.595
1590 6.076 6.559
1591 6.021 6.575
1592 6.211 6.619
1593 6.001 6.535
1594 6.086 6.525
1595 6.247 6.708
1596 6.085 6.594
1597 6.102 6.555
1598 6.245 6.617
1599 6.256 6.500
1600 6.134 6.565
1601 6.137 6.552
1602 6.001 6.564
1603 6.141 6.622
1604 6.090 6.584
1605 6.222 6.554
1606 6.168 6.528
1607 6.268 6.504
1608 6.146 6.611
1609 6.160 6.574
1610 6.235 6.511
1611 6.085 6.559
1612 6.203 6.501
1613 6.197 6.670
1614 6.162 6.537
1615 6.111 6.536
1616 6.149 6.608
1617 6.037 6.552
1618 6.046 6.562
1619 6.137 6.540
1620 6.106 6.661
1621 6.211 6.600
1622 6.135 6.634
1623 6.151 6.541
1624 6.026 6.564
1625 6.206 6.603
1626 6.104 6.548
1627 6.223 6.575
1628 6.089 6.565
1629 6.055 6.633
1630 6.135 6.569
1631 6.198 6.619
1632 6.145 6.554
1633 6.223 6.565
1634 6.181 6.590
1635 6.143 6.590
1636 6.141 6.547
1637 6.254 6.522
1638 6.095 6.608
1639 6.294 6.488
1640 6.034 6.546
1641 6.084 6.599
1642 6.135 6.556
1643 6.191 6.647
1644 6.071 6.588
1645 6.108 6.551
1646 6.161 6.599
1647 6.033 6.610
1648 6.217 6.641
1649 6.063 6.537
1650 6.156 6.544
1651 6.057 6.596
1652 6.080 6.629
1653 5.937 6.532
1654 6.092 6.591
1655 6.150 6.561
1656 6.007 6.576
1657 6.130 6.540
1658 6.207 6.558
1659 6.077 6.569
1660 6.120 6.565
1661 6.162 6.482
1662 6.094 6.474
1663 6.067 6.479
1664 6.119 6.516
1665 6.104 6.533
1666 6.034 6.441
1667 6.126 6.556
1668 6.130 6.574
1669 6.158 6.620
1670 6.255 6.641
1671 6.120 6.598
1672 6.106 6.595
1673 6.017 6.555
1674 6.059 6.527
1675 6.057 6.533
1676 6.144 6.619
1677 6.170 6.616
1678 6.177 6.543
1679 6.156 6.516
1680 6.110 6.470
1681 6.002 6.494
1682 6.078 6.473
1683 6.111 6.467
1684 6.145 6.532
1685 6.196 6.501
1686 5.989 6.496
1687 5.993 6.476
1688 6.131 6.479
1689 6.161 6.588
1690 6.031 6.565
1691 6.085 6.523
1692 5.969 6.558
1693 6.017 6.572
1694 6.132 6.574
1695 6.106 6.605
1696 6.137 6.572
1697 6.028 6.558
1698 6.090 6.556
1699 6.169 6.581
1700 6.075 6.489
1701 5.904 6.552
1702 6.124 6.561
1703 6.179 6.606
1704 6.248 6.520
1705 6.027 6.561
1706 5.956 6.515
1707 6.102 6.486
1708 6.169 6.540
1709 6.169 6.551
1710 6.175 6.585
1711 6.122 6.591
1712 6.136 6.553
1713 6.160 6.580
1714 6.281 6.549
1715 6.101 6.616
1716 6.134 6.640
1717 6.131 6.657
1718 5.998 6.742
1719 6.109 6.578
1720 6.078 6.612
1721 6.079 6.644
1722 6.157 6.539
1723 6.082 6.522
1724 6.076 6.590
1725 6.097 6.615
1726 5.976 6.505
1727 6.087 6.483
1728 6.149 6.532
1729 6.156 6.638
1730 6.006 6.540
1731 6.071 6.549
1732 6.081 6.530
1733 6.177 6.602
1734 5.998 6.570
1735 6.035 6.581
1736 5.969 6.579
1737 6.096 6.674
1738 6.072 6.615
1739 6.157 6.616
1740 6.088 6.517
1741 6.070 6.651
1742 6.075 6.529
1743 6.134 6.564
1744 6.194 6.637
1745 6.086 6.527
1746 6.083 6.635
1747 6.241 6.642
1748 6.090 6.631
1749 6.138 6.571
1750 6.043 6.580
1751 6.017 6.628
1752 5.969 6.635
1753 5.986 6.683
1754 6.084 6.614
1755 5.931 6.639
1756 6.034 6.581
1757 5.963 6.646
1758 6.122 6.572
1759 6.085 6.619
1760 6.040 6.535
1761 6.016 6.561
1762 6.048 6.572
1763 6.000 6.624
1764 6.166 6.620
1765 6.060 6.594
1766 6.076 6.570
1767 6.167 6.583
1768 6.019 6.566
1769 6.156 6.529
1770 6.088 6.594
1771 6.111 6.571
1772 6.079 6.556
1773 6.026 6.528
1774 6.166 6.475
1775 5.952 6.537
1776 6.082 6.506
1777 6.104 6.478
1778 6.163 6.662
1779 6.088 6.523
1780 6.016 6.602
1781 6.192 6.519
1782 6.025 6.549
1783 6.096 6.604
1784 6.000 6.634
1785 6.051 6.547
1786 6.183 6.553
1787 5.939 6.630
1788 5.974 6.540
1789 6.182 6.604
1790 6.102 6.554
1791 6.049 6.579
1792 6.073 6.559
1793 6.026 6.547
1794 6.129 6.581
1795 6.059 6.604
1796 6.083 6.468
1797 6.044 6.579
1798 5.994 6.583
1799 6.154 6.419
1800 5.936 6.535
1801 5.933 6.506
1802 5.968 6.489
1803 6.101 6.482
1804 6.263 6.615
1805 6.148 6.500
1806 6.057 6.524
1807 6.028 6.539
1808 6.125 6.564
1809 6.094 6.508
1810 6.009 6.553
1811 5.992 6.498
1812 5.899 6.495
1813 6.069 6.586
1814 6.118 6.528
1815 6.124 6.526
1816 6.068 6.551
1817 6.035 6.561
1818 6.076 6.588
1819 6.004 6.590
1820 6.068 6.584
1821 6.115 6.671
1822 6.036 6.528
1823 5.980 6.467
1824 6.154 6.591
1825 6.024 6.543
1826 6.143 6.582
1827 5.924 6.603
1828 6.080 6.593
1829 6.032 6.573
1830 6.031 6.633
1831 6.099 6.539
1832 6.114 6.483
1833 6.080 6.558
1834 6.165 6.592
1835 5.885 6.512
1836 6.164 6.542
1837 5.994 6.569
1838 6.064 6.606
1839 6.015 6.604
1840 6.141 6.553
1841 5.983 6.590
1842 6.009 6.606
1843 6.012 6.616
1844 6.000 6.716
1845 5.999 6.544
1846 6.195 6.584
1847 6.056 6.551
1848 5.923 6.619
1849 6.047 6.599
1850 6.057 6.670
1851 6.051 6.612
1852 6.071 6.527
1853 6.137 6.551
1854 6.084 6.499
1855 6.127 6.540
1856 6.063 6.650
1857 6.052 6.621
1858 6.221 6.541
1859 5.964 6.528
1860 5.923 6.540
1861 5.951 6.513
1862 6.083 6.598
1863 6.029 6.556
1864 5.979 6.497
1865 5.992 6.511
1866 5.999 6.581
1867 6.029 6.526
1868 6.030 6.579
1869 5.990 6.545
1870 6.047 6.526
1871 5.906 6.540
1872 5.983 6.535
1873 6.008 6.473
1874 5.945 6.480
1875 5.987 6.521
1876 6.013 6.524
1877 5.954 6.502
1878 6.054 6.444
1879 6.046 6.579
1880 5.974 6.528
1881 5.999 6.515
1882 6.047 6.471
1883 5.871 6.573
1884 6.005 6.565
1885 6.136 6.604
1886 5.938 6.533
1887 6.000 6.536
1888 6.022 6.535
1889 6.018 6.533
1890 5.922 6.504
1891 5.929 6.523
1892 5.960 6.460
1893 6.025 6.577
1894 6.084 6.463
1895 5.909 6.533
1896 5.978 6.549
1897 5.805 6.515
1898 6.039 6.543
1899 5.994 6.540
1900 6.011 6.589
1901 5.945 6.602
1902 5.986 6.567
1903 6.014 6.568
1904 6.027 6.568
1905 6.046 6.608
1906 5.949 6.518
1907 6.052 6.495
1908 6.013 6.537
1909 5.981 6.621
1910 6.041 6.505
1911 6.032 6.517
1912 6.105 6.568
1913 5.789 6.541
1914 5.951 6.571
1915 6.145 6.488
1916 6.008 6.510
1917 5.972 6.549
1918 5.878 6.513
1919 6.010 6.532
1920 5.971 6.506
1921 5.916 6.516
1922 5.933 6.594
1923 5.964 6.546
1924 6.025 6.592
1925 6.047 6.581
1926 5.979 6.562
1927 5.881 6.576
1928 5.902 6.587
1929 5.893 6.571
1930 6.097 6.571
1931 6.042 6.518
1932 5.928 6.574
1933 5.972 6.568
1934 6.027 6.569
1935 5.915 6.562
1936 6.037 6.524
1937 5.941 6.516
1938 6.209 6.484
1939 5.991 6.597
1940 5.941 6.584
1941 5.986 6.560
1942 5.956 6.609
1943 5.901 6.578
1944 5.941 6.491
1945 5.961 6.565
1946 5.789 6.653
1947 5.988 6.556
1948 6.041 6.579
1949 6.034 6.624
1950 5.910 6.561
1951 5.998 6.596
1952 5.923 6.535
1953 6.046 6.632
1954 6.017 6.537
1955 6.006 6.616
1956 5.858 6.576
1957 5.965 6.594
1958 5.898 6.510
1959 6.152 6.615
1960 5.992 6.590
1961 6.002 6.550
1962 6.043 6.542
1963 5.984 6.561
1964 5.986 6.567
1965 5.927 6.503
1966 5.982 6.552
1967 5.940 6.495
1968 5.944 6.621
1969 5.998 6.603
1970 5.969 6.562
1971 5.995 6.570
1972 6.034 6.578
1973 5.874 6.562
1974 5.892 6.547
1975 5.894 6.598
1976 6.003 6.631
1977 6.061 6.597
1978 5.959 6.593
1979 5.958 6.637
1980 6.091 6.575
1981 5.906 6.629
1982 5.890 6.546
1983 5.897 6.524
1984 5.892 6.561
1985 5.988 6.670
1986 5.887 6.599
1987 5.878 6.585
1988 5.869 6.530
1989 6.015 6.564
1990 5.955 6.625
1991 5.887 6.537
1992 5.866 6.562
1993 6.007 6.591
1994 5.917 6.569
1995 5.872 6.557
1996 5.933 6.484
1997 6.082 6.542
1998 5.951 6.547
1999 5.913 6.607
2000 5.971 6.582
2001 5.997 6.659
2002 5.947 6.651
2003 5.924 6.655
2004 5.955 6.576
2005 6.044 6.648
2006 5.913 6.591
2007 5.777 6.556
2008 6.116 6.572
2009 6.008 6.555
2010 5.952 6.547
2011 5.936 6.594
2012 5.963 6.655
2013 5.951 6.505
2014 5.938 6.584
2015 5.963 6.649
2016 5.947 6.542
2017 5.955 6.550
2018 6.077 6.595
2019 5.929 6.614
2020 5.864 6.661
2021 5.927 6.585
2022 6.050 6.663
2023 5.930 6.610
2024 5.987 6.505
2025 5.782 6.583
2026 5.831 6.560
2027 5.988 6.572
2028 6.007 6.721
2029 6.020 6.697
2030 5.865 6.670
2031 5.965 6.669
2032 5.875 6.571
2033 5.969 6.627
2034 5.953 6.621
2035 5.979 6.587
2036 5.887 6.582
2037 6.012 6.574
2038 5.914 6.513
2039 5.962 6.522
2040 5.811 6.692
2041 6.007 6.572
2042 5.868 6.692
2043 5.935 6.610
2044 6.059 6.545
2045 5.924 6.473
2046 5.838 6.553
2047 5.998 6.622
2048 5.887 6.555
2049 5.898 6.619
2050 5.932 6.498
2051 5.945 6.534
2052 5.894 6.453
2053 5.796 6.558
2054 5.937 6.516
2055 5.841 6.576
2056 5.933 6.537
2057 5.986 6.548
2058 5.914 6.540
2059 5.884 6.674
2060 5.955 6.570
2061 5.850 6.615
2062 5.872 6.565
2063 5.869 6.619
2064 5.944 6.576
2065 5.904 6.565
2066 5.952 6.648
2067 5.882 6.635
2068 5.930 6.575
2069 5.814 6.616
2070 5.839 6.629
2071 6.013 6.613
2072 5.988 6.660
2073 5.916 6.644
2074 5.922 6.657
2075 5.922 6.609
2076 5.811 6.675
2077 5.964 6.594
2078 5.823 6.637
2079 5.889 6.618
2080 5.868 6.566
2081 5.949 6.541
2082 5.846 9.146
2083 5.926 6.601
2084 5.866 6.527
2085 5.899 6.590
2086 5.921 6.680
2087 5.896 6.587
2088 5.936 6.557
2089 5.950 6.518
2090 5.859 6.528
2091 5.814 6.538
2092 5.811 6.627
2093 5.852 6.583
2094 6.003 6.583
2095 5.868 6.495
2096 5.790 6.537
2097 5.893 6.541
2098 5.903 6.617
2099 6.056 6.612
2100 5.899 6.590
2101 5.943 6.564
2102 5.899 6.534
2103 5.869 6.554
2104 5.936 6.585
2105 5.835 6.537
2106 6.056 6.525
2107 5.817 6.519
2108 5.961 6.538
2109 5.902 6.551
2110 5.960 6.521
2111 5.851 6.562
2112 5.857 6.586
2113 5.859 6.521
2114 5.911 6.537
2115 5.911 6.617
2116 5.858 6.552
2117 5.982 6.536
2118 5.940 6.510
2119 5.879 6.685
2120 5.863 6.610
2121 5.891 6.545
2122 5.879 6.565
2123 6.037 6.524
2124 5.937 6.505
2125 6.050 6.518
2126 5.876 6.503
2127 5.894 6.520
2128 5.928 6.503
2129 5.860 6.614
2130 5.964 6.528
2131 5.831 6.509
2132 5.871 6.542
2133 5.905 6.479
2134 5.990 6.492
2135 5.924 6.463
2136 5.884 6.559
2137 5.841 6.486
2138 5.799 6.578
2139 5.985 6.568
2140 5.788 6.556
2141 5.930 6.499
2142 5.910 6.534
2143 5.898 6.497
2144 5.950 6.625
2145 5.831 6.603
2146 5.896 6.590
2147 5.836 6.538
2148 5.946 6.590
2149 6.051 6.580
2150 5.910 6.598
2151 5.903 6.546
2152 5.789 6.596
2153 5.783 6.587
2154 5.924 6.612
2155 5.908 6.549
2156 5.971 6.562
2157 5.731 6.572
2158 5.861 6.545
2159 5.764 6.479
2160 5.954 6.533
2161 5.747 6.640
2162 5.977 6.619
2163 5.918 6.522
2164 5.827 6.578
2165 5.764 6.569
2166 5.929 6.532
2167 5.824 6.534
2168 5.821 6.565
2169 5.832 6.518
2170 5.831 6.548
2171 5.949 6.582
2172 5.812 6.643
2173 5.872 6.597
2174 5.909 6.607
2175 5.853 6.570
2176 5.825 6.568
2177 5.927 6.523
2178 5.878 6.498
2179 6.028 6.508
2180 6.048 6.507
2181 5.801 6.565
2182 5.732 6.478
2183 5.918 6.476
2184 5.920 6.499
2185 5.793 6.519
2186 5.868 6.526
2187 6.007 6.523
2188 5.771 6.532
2189 5.944 6.544
2190 5.763 6.580
2191 5.954 6.594
2192 5.828 6.655
2193 5.835 6.553
2194 5.860 6.538
2195 5.826 6.528
2196 5.879 6.576
2197 5.839 6.563
2198 5.868 6.542
2199 5.896 6.562
2200 5.884 6.496
2201 5.854 6.573
2202 5.860 6.519
2203 5.792 6.507
2204 5.849 6.478
2205 5.853 6.578
2206 5.853 6.517
2207 5.916 6.537
2208 5.840 6.496
2209 6.011 6.480
2210 5.793 6.460
2211 5.824 6.432
2212 6.026 6.613
2213 5.864 6.533
2214 5.685 6.460
2215 5.890 6.522
2216 5.921 6.536
2217 5.835 6.509
2218 5.929 6.495
2219 5.872 6.506
2220 5.790 6.515
2221 5.866 6.514
2222 5.854 6.521
2223 5.884 6.519
2224 5.771 6.473
2225 5.780 6.461
2226 5.934 6.571
2227 5.848 6.480
2228 5.830 6.575
2229 5.804 6.512
2230 5.745 6.598
2231 5.708 6.563
2232 5.986 6.582
2233 5.812 6.530
2234 5.884 6.565
2235 5.819 6.578
2236 5.919 6.664
2237 5.716 6.581
2238 5.768 6.590
2239 5.847 6.546
2240 5.766 6.595
2241 5.980 6.530
2242 5.850 6.506
2243 5.819 6.520
2244 5.851 6.502
2245 5.819 6.604
2246 5.783 6.559
2247 5.863 6.552
2248 5.889 6.624
2249 5.676 6.559
2250 5.916 6.550
2251 5.833 6.522
2252 5.981 6.579
2253 5.749 6.556
2254 5.887 6.534
2255 5.845 6.522
2256 5.859 6.545
2257 5.704 6.594
2258 5.811 6.667
2259 5.885 6.541
2260 5.952 6.547
2261 5.779 6.549
2262 5.730 6.552
2263 5.799 6.547
2264 5.751 6.524
2265 5.956 6.468
2266 5.783 6.529
2267 5.897 6.470
2268 5.706 6.547
2269 5.783 6.465
2270 5.643 6.495
2271 5.780 6.485
2272 5.809 6.523
2273 5.824 6.520
2274 5.760 6.559
2275 5.839 6.527
2276 5.744 6.604
2277 5.741 6.548
2278 5.765 6.479
2279 5.863 6.485
2280 5.899 6.508
2281 5.829 6.505
2282 5.666 6.498
2283 5.853 6.503
2284 5.773 6.488
2285 5.828 6.482
2286 5.801 6.533
2287 5.800 6.501
2288 5.781 6.486
2289 5.801 6.452
2290 5.706 6.568
2291 5.918 6.501
2292 5.756 6.489
2293 5.810 6.476
2294 5.911 6.501
2295 5.800 6.496
2296 5.753 6.515
2297 5.736 6.473
2298 5.821 6.522
2299 5.861 6.524
Training complete! Best validation at epoch 1799. Validation loss: 6.419, Test loss: 6.486